-12.8439928857,13.5877153511
-14.0194262013,14.6669985685
-15.1365118203,15.7003278022
-16.2401408011,16.7307987755
-17.3466924633,17.7730522982
-18.4517780857,18.8154441406
-19.5483226069,19.8493348155
-20.6517358181,20.8945792809
-21.7512287585,21.9375757784
-22.844085812,22.9839960242
-23.9352099832,24.026488632
-25.0231825645,25.066783606
-26.1174213049,26.1113683045
-27.208795899,27.1546659769
-28.3383523145,28.1666344788
-29.591436287,28.9959236842
-30.8840701233,29.7798987086
-32.2641166845,30.381713016
-33.7548277773,30.659500641
-35.2676460384,30.6491370525
-36.7663710585,30.5529764811
-38.2652321331,30.4246211961
-39.7744068741,30.2750634588
-41.2633974717,30.0276093189
-42.7483599222,29.7214424315
-44.220378345,29.3540265596
-45.6601695567,28.9115690287
-47.0508052083,28.3483256544
-48.5380058457,27.4066209679
-49.6414775037,26.3668724264
-50.7050467899,25.291177845
-51.7531486506,24.203475545
-52.7762670039,23.1033801099
-53.726149077,21.9127724803
-54.5383560297,20.6251448436
-55.0276271526,19.1927604596
-55.3791390129,17.7153085756
-55.7259260811,16.237184816
-56.0288313966,14.7534835665
-56.2467885381,13.2625735628
-56.1886159224,11.747567906
-55.8858435678,10.2782711669
-55.4668354782,8.83326940878
-55.0207531995,7.37744576229
-54.4955499192,5.94519160872
-53.753069442,4.61728334613
-52.8309037728,3.43170122313
-51.8240472708,2.27987388898
-50.8193039895,1.13963862184
-49.8092377926,-0.010296959628
-48.796159143,-1.15513565905
-47.7999182448,-2.29793302028
-46.7805399753,-3.43748860071
-45.7607090697,-4.59612822633
-44.7488485839,-5.71515685422
-43.7524561452,-6.83759244576
-42.7280560827,-7.95484958427
-41.7174091755,-9.07343353131
-40.6776856548,-10.1915040391
-39.6183895887,-11.3180994918
-38.5654923543,-12.4483702979
-37.5287368092,-13.5522491149
-36.5022005409,-14.6582850199
-35.4557657976,-15.7588429983
-34.3995076974,-16.8809254636
-33.3282717207,-18.0221473373
-32.2957865493,-19.1138159312
-31.2681614199,-20.2123278117
-30.2283080337,-21.3264908468
-29.2043998257,-22.4237554059
-28.172123294,-23.5329860382
-27.1265579203,-24.6538550083
-26.0992901262,-25.7573296234
-25.070921639,-26.8514470023
-23.8160385849,-27.6885888246
-22.5279741818,-28.4724633274
-21.1328094762,-29.0942584967
-19.7744202788,-29.75400125
-18.3691796248,-30.2984534733
-16.9338090221,-30.7591266015
-15.4442318482,-31.0635817422
-13.925703446,-31.1616064308
-12.4420928052,-30.8981061033
-11.0489310828,-30.322125075
-9.66724174668,-29.6500626628
-8.31627417105,-28.9576896626
-6.97085668998,-28.2670200597
-5.63136747189,-27.5535295489
-4.29930890937,-26.8219372805
-3.01605950193,-26.0126768808
-1.85851032946,-25.0362150178
-0.746629406043,-23.9786139229
0.277510693669,-22.8577679013
1.21297424858,-21.6657746472
1.96193992255,-20.3579751444
2.57990294833,-18.9862794756
3.05091594228,-17.5491218251
3.37260167727,-16.0284734531
3.51593256174,-14.518593487
3.51774963861,-13.0104345378
3.37718534016,-11.5043928303
3.17961944532,-9.98947154775
2.95540139256,-8.49867867348
2.65602923025,-7.01852778492
2.25651543323,-5.5619163717
1.7460754229,-4.148912034
1.08739533601,-2.79651014359
0.227717969854,-1.54918943194
-0.686167943784,-0.34629315939
-1.6142824617,0.844786708344
-2.5551211518,2.0152871874
